Int Parametreli Yapici Calisti
Int Parametreli Yapici Calisti
Char Parametreli Yapici Calisti
Char Parametreli Yapici Calisti
Matris
  187   143   241   201   210   169    29   151   166    72   211   254   244    82    85 
   40    80   166     3   187    28    52   221   109    60    29     2    55   186   171 
   11    29   179   178   188    83    79    53   103    28   240    93   211    23    10 
   23   176     7   169   118    78    44    50    26   170    55   221    66    12   251 
  101   213   188   229     3   122    19   212   164     9   103    93   117   118   163 
   32   173     7   126    47   186    91   163   168    45   177    64   139   151   225 
  213   112   179     0   176    27   247    33   101    25     9   158    74   235    30 
  120   183    89   197   149   132   116   170     3    28   129   190     6   154   161 
  110   145    63   149   194   240    53   111   146   196   119   115   168   149    86 
   30   136    44   218     4    41   219   153   111   211   123    39     9   139    72 
   69   112    25   202   124   111   164    18   173   221     6   231   100   183   161 
   50   224    15     6   186    43   231   163    20   169   248    68   186   135   152 
  173    79    98    51     3   234    20     8   223   240   143    34   187   240   150 
  191     7   216    85    29   155    53    26   206   117   158    55    48   191    25 
  211    10   176   145   166   235    75   179   226   106   237    65   100   190    81 

Matrisi Dosyaya Yazdirma Islemi Basarili.
Int Parametreli Yapici Calisti
Matrisin Transpozu
  187    40    11    23   101    32   213   120   110    30    69    50   173   191   211 
  143    80    29   176   213   173   112   183   145   136   112   224    79     7    10 
  241   166   179     7   188     7   179    89    63    44    25    15    98   216   176 
  201     3   178   169   229   126     0   197   149   218   202     6    51    85   145 
  210   187   188   118     3    47   176   149   194     4   124   186     3    29   166 
  169    28    83    78   122   186    27   132   240    41   111    43   234   155   235 
   29    52    79    44    19    91   247   116    53   219   164   231    20    53    75 
  151   221    53    50   212   163    33   170   111   153    18   163     8    26   179 
  166   109   103    26   164   168   101     3   146   111   173    20   223   206   226 
   72    60    28   170     9    45    25    28   196   211   221   169   240   117   106 
  211    29   240    55   103   177     9   129   119   123     6   248   143   158   237 
  254     2    93   221    93    64   158   190   115    39   231    68    34    55    65 
  244    55   211    66   117   139    74     6   168     9   100   186   187    48   100 
   82   186    23    12   118   151   235   154   149   139   183   135   240   191   190 
   85   171    10   251   163   225    30   161    86    72   161   152   150    25    81 

Yikici Fonksiyon Calisti
Yikici Fonksiyon Calisti
